waypoint0: [7.22043514251709, 16.56602859497070, 0.00000000000000, 0.00564830081243, 0.00000000000000, 0.00000000000000, -0.99998404822174]
waypoint1: [1.45702433586121, 16.56723976135254, 0.00000000000000, 0.00156636571279, 0.00000000000000, 0.00000000000000, -0.99999877324847]
waypoint2: [-6.97927618026733, 16.48735046386719, 0.00000000000000, 0.70810439307279, 0.00000000000000, 0.00000000000000, -0.70610775984336]
waypoint3: [-6.84553527832031, 0.67742609977722, 0.00000000000000, 0.70964402604402, 0.00000000000000, 0.00000000000000, -0.70456039932715]
waypoint4: [-7.17244195938110, -16.83631515502930, 0.00000000000000, 0.99947919625924, 0.00000000000000, 0.00000000000000, -0.03226974194173]
waypoint5: [-1.60426688194275, -17.19056701660156, 0.00000000000000, 0.99998792843974, 0.00000000000000, 0.00000000000000, 0.00491355012219]
waypoint6: [6.99208641052246, -17.27259445190430, 0.00000000000000, 0.70915322559387, 0.00000000000000, 0.00000000000000, 0.70505439692963]
waypoint7: [7.25310516357422, -0.01605796813965, 0.00000000000000, 0.01215614339069, 0.00000000000000, 0.00000000000000, 0.99992611135917]
waypoint8: [0.03972125053406, -0.19962906837463, 0.00000000000000, 0.70915322559387, 0.00000000000000, 0.00000000000000, 0.70505439692963]
waypoint9: [0.45761871337891, 16.34764671325684, 0.00000000000000, 0.00748527609712, 0.00000000000000, 0.00000000000000, 0.99997198492845]
waypoint10: [-6.94838619232178, 16.26178359985352, 0.00000000000000, 0.69701321026937, 0.00000000000000, 0.00000000000000, -0.71705828543431]
waypoint11: [-6.72066736221313, 0.00054907798767, 0.00000000000000, 0.99994856916475, 0.00000000000000, 0.00000000000000, 0.01014194386560]
waypoint12: [0.00715094804764, -0.26383614540100, 0.00000000000000, 0.70505440820038, 0.00000000000000, 0.00000000000000, -0.70915321438826]
waypoint13: [-0.15447837114334, -17.03798294067383, 0.00000000000000, 0.99999580014049, 0.00000000000000, 0.00000000000000, -0.00289822383171]
waypoint14: [7.25133895874023, -16.98431396484375, 0.00000000000000, 0.70461949858005, 0.00000000000000, 0.00000000000000, 0.70958534526920]
waypoint15: [6.89950132369995, 0.08258652687073, 0.00000000000000, 0.01124878444650, 0.00000000000000, 0.00000000000000, -0.99993673042272]
waypoint16: [0.05768570303917, 0.12224555015564, 0.00000000000000, 0.71604487524306, 0.00000000000000, 0.00000000000000, -0.69805425049787]
waypoint17: [-0.20202708244324, -16.90891647338867, 0.00000000000000, 0.01058947718521, 0.00000000000000, 0.00000000000000, 0.99994392991454]
waypoint18: [-7.15578460693359, -16.73981475830078, 0.00000000000000, 0.70915326761839, 0.00000000000000, 0.00000000000000, 0.70505435466080]
waypoint19: [-6.93349409103394, -0.60997867584229, 0.00000000000000, 0.70915322559387, 0.00000000000000, 0.00000000000000, 0.70505439692963]
waypoint20: [-6.90009164810181, 16.26150512695312, 0.00000000000000, 0.99928461503594, 0.00000000000000, 0.00000000000000, 0.03781875397824]
waypoint21: [-0.35057204961777, 16.55608749389648, 0.00000000000000, 0.99984681283010, 0.00000000000000, 0.00000000000000, 0.01750288186248]
waypoint22: [6.86377906799316, 16.63532447814941, 0.00000000000000, 0.74442792314143, 0.00000000000000, 0.00000000000000, -0.66770282854526]
waypoint23: [7.09797906875610, 0.88517069816589, 0.00000000000000, 0.72213098348147, 0.00000000000000, 0.00000000000000, -0.69175634633597]
waypoint24: [6.81469488143921, -17.04649734497070, 0.00000000000000, 0.03373038194108, 0.00000000000000, 0.00000000000000, 0.99943096876878]
waypoint25: [1.01633918285370, -17.18030929565430, 0.00000000000000, 0.01382576681059, 0.00000000000000, 0.00000000000000, -0.99990441951824]
