waypoint0: [1.84386074542999, -0.01689958572388, 0.00000000000000, 0.71887424720757, 0.00000000000000, 0.00000000000000, 0.69514014177124]
waypoint1: [1.30033814907074, 6.20043563842773, 0.00000000000000, 0.59140343171560, 0.00000000000000, 0.00000000000000, 0.80637583108313]
waypoint2: [0.35179206728935, 9.20033454895020, 0.00000000000000, 0.01792139825612, 0.00000000000000, 0.00000000000000, -0.99983939884591]
waypoint3: [-1.46447813510895, 6.92481803894043, 0.00000000000000, 0.70505440820038, 0.00000000000000, 0.00000000000000, -0.70915321438826]
waypoint4: [-1.72998130321503, 0.00381660461426, 0.00000000000000, 0.70505440820038, 0.00000000000000, 0.00000000000000, -0.70915321438826]
waypoint5: [-1.61136329174042, -7.30578517913818, 0.00000000000000, 0.88030330311943, 0.00000000000000, 0.00000000000000, -0.47441131364780]
waypoint6: [-0.23884689807892, -9.37440299987793, 0.00000000000000, 0.99993964598267, 0.00000000000000, 0.00000000000000, 0.01098655505824]
waypoint7: [1.57649099826813, -7.25986766815186, 0.00000000000000, 0.71371618546509, 0.00000000000000, 0.00000000000000, 0.70043501240669]
