waypoints0: [6.96249, 16.5031, 0, 0.00289841, 0, 0, 0.999996]
waypoints1: [-6.85621, 16.0952, 0, 0.701363, 0, 0, -0.712804]
waypoints2: [-7.01116, -16.746, 0, 0.999967, 0, 0, -0.00808958]
waypoints3: [6.99444, -17.0469, 0, 0.725491, 0, 0, 0.688232]
waypoints4: [7.26569, 0.114059, 0, 0.711792, 0, 0, 0.70239]
