waypoint0: [6.28579473495483, 16.41045761108398, 0.00000000000000, 0.01914534811506, 0.00000000000000, 0.00000000000000, -0.99981671102535]
waypoint1: [-6.92178773880005, 15.29569530487061, 0.00000000000000, 0.71555660529107, 0.00000000000000, 0.00000000000000, -0.69855475420637]
waypoint2: [-6.20653867721558, -16.84191322326660, 0.00000000000000, 0.99986540715738, 0.00000000000000, 0.00000000000000, -0.01640632713317]
waypoint3: [6.96922206878662, -15.66256999969482, 0.00000000000000, 0.72177299403461, 0.00000000000000, 0.00000000000000, 0.69212986142942]
waypoint4: [7.09174871444702, -0.07951688766479, 0.00000000000000, 0.71616710643897, 0.00000000000000, 0.00000000000000, 0.69792884712902]
