waypoint0: [6.38294506, 16.50648499, 0.00000000, 0.02304953, 0.00000000, 0.00000000, -0.99973432]
waypoint1: [-6.92197466, 15.26349926, 0.00000000, 0.71540353, 0.00000000, 0.00000000, -0.69871152]
waypoint2: [-6.36733675, -16.80878258, 0.00000000, 0.99996526, 0.00000000, 0.00000000, 0.00833596]
waypoint3: [7.19534540, -15.53509045, 0.00000000, 0.71874210, 0.00000000, 0.00000000, 0.69527677]
waypoint4: [7.09473467, 0.43563032, 0.00000000, 0.71319333, 0.00000000, 0.00000000, 0.70096739]
