waypoint0: [7.11344146728516, 11.99455165863037, 0.00000000000000, 0.71255746451901, 0.00000000000000, 0.00000000000000, -0.70161375396884]
waypoint1: [6.94798278808594, 0.11450195312500, 0.00000000000000, 0.72640335500529, 0.00000000000000, 0.00000000000000, -0.68726862712993]