waypoint0: [7.07695722579956, 0.14595317840576, 0.00000000000000, 0.71589852672259, 0.00000000000000, 0.00000000000000, 0.69820433931366]
waypoint1: [7.01106500625610, 10.99701309204102, 0.00000000000000, 0.71530990246139, 0.00000000000000, 0.00000000000000, 0.69880737219972]
