waypoint0: [7.15931367874146, 0.46745491027832, 0.00000000000000, 0.70915326761839, 0.00000000000000, 0.00000000000000, 0.70505435466080]
waypoint1: [7.15436220169067, 16.27663040161133, 0.00000000000000, 0.02207953703271, 0.00000000000000, 0.00000000000000, -0.99975621730721]
waypoint2: [-6.91936159133911, 15.71425342559814, 0.00000000000000, 0.70505440820038, 0.00000000000000, 0.00000000000000, -0.70915321438826]
waypoint3: [-6.87931156158447, -16.25844955444336, 0.00000000000000, 0.99980372721582, 0.00000000000000, 0.00000000000000, 0.01981179056400]
waypoint4: [6.28823614120483, -16.49576950073242, 0.00000000000000, 0.70915322559387, 0.00000000000000, 0.00000000000000, 0.70505439692963]
waypoint5: [6.96277523040771, -0.11096811294556, 0.00000000000000, 0.02167015110851, 0.00000000000000, 0.00000000000000, -0.99976517470401]
waypoint6: [0.65444684028625, 0.31197381019592, 0.00000000000000, 0.70915322559387, 0.00000000000000, 0.00000000000000, 0.70505439692963]
waypoint7: [0.16654103994370, 16.12394714355469, 0.00000000000000, 0.01426036101788, 0.00000000000000, 0.00000000000000, 0.99989831588199]
waypoint8: [-6.78945541381836, 15.90668678283691, 0.00000000000000, 0.69912098789225, 0.00000000000000, 0.00000000000000, -0.71500338760636]
waypoint9: [-6.62631797790527, -0.38637304306030, 0.00000000000000, 0.99975622987249, 0.00000000000000, 0.00000000000000, 0.02207896807257]
waypoint10: [-0.21841245889664, -0.29472565650940, 0.00000000000000, 0.68948241465991, 0.00000000000000, 0.00000000000000, -0.72430242293861]
waypoint11: [0.04448765516281, -16.04100418090820, 0.00000000000000, 0.99999579956555, 0.00000000000000, 0.00000000000000, -0.00289842220258]
waypoint12: [7.15848159790039, -16.33982276916504, 0.00000000000000, 0.72184910358517, 0.00000000000000, 0.00000000000000, 0.69205048345715]
waypoint13: [6.99254560470581, -0.52971243858337, 0.00000000000000, 0.01749767569614, 0.00000000000000, 0.00000000000000, -0.99984690395342]
waypoint14: [-6.94548606872559, 0.09844470024109, 0.00000000000000, 0.70915322559387, 0.00000000000000, 0.00000000000000, 0.70505439692963]
waypoint15: [-6.69062519073486, 16.29248809814453, 0.00000000000000, 0.99996190851565, 0.00000000000000, 0.00000000000000, 0.00872820243470]
waypoint16: [7.25095081329346, 16.27607154846191, 0.00000000000000, 0.70505440820038, 0.00000000000000, 0.00000000000000, -0.70915321438826]
waypoint17: [6.73656415939331, -16.91694068908691, 0.00000000000000, 0.00289888373175, 0.00000000000000, 0.00000000000000, 0.99999579822773]
waypoint18: [-6.78458738327026, -16.58097839355469, 0.00000000000000, 0.71417072537324, 0.00000000000000, 0.00000000000000, 0.69997155300759]
waypoint19: [-6.65627479553223, 0.00017547607422, 0.00000000000000, 0.69769382964050, 0.00000000000000, 0.00000000000000, 0.71639606369771]
