waypoint0: [6.99683809280396, 0.21081352233887, 0.00000000000000, 0.72042856570612, 0.00000000000000, 0.00000000000000, 0.69352914986656]
waypoint1: [7.20513057708740, 13.92588996887207, 0.00000000000000, 0.71790873271989, 0.00000000000000, 0.00000000000000, 0.69613723609969]
waypoint2: [-5.33649492263794, 16.60661888122559, 0.00000000000000, 0.02339121524629, 0.00000000000000, 0.00000000000000, -0.99972638809291]
waypoint3: [-7.12261581420898, 2.86848568916321, 0.00000000000000, 0.69940442469491, 0.00000000000000, 0.00000000000000, -0.71472613686445]
waypoint4: [5.70710086822510, -0.10368943214417, 0.00000000000000, 0.92135914685220, 0.00000000000000, 0.00000000000000, 0.38871239047885]
waypoint5: [6.94262313842773, -14.69648075103760, 0.00000000000000, 0.71717141471238, 0.00000000000000, 0.00000000000000, -0.69689680865924]
waypoint6: [2.71178102493286, -16.92580413818359, 0.00000000000000, 0.02851238422743, 0.00000000000000, 0.00000000000000, 0.99959343932704]
waypoint7: [0.76017665863037, 12.99731445312500, 0.00000000000000, 0.70915322559387, 0.00000000000000, 0.00000000000000, 0.70505439692963]
waypoint8: [5.73751688003540, 16.25264739990234, 0.00000000000000, 0.99978175968106, 0.00000000000000, 0.00000000000000, 0.02089097913074]
waypoint9: [7.31992530822754, 0.40212798118591, 0.00000000000000, 0.69013743696136, 0.00000000000000, 0.00000000000000, -0.72367832502045]
