waypoint0: [7.12618446350098, 0.30665636062622, 0.00000000000000, 0.71749454697969, 0.00000000000000, 0.00000000000000, 0.69656412127988]
waypoint1: [7.01922798156738, 15.18268775939941, 0.00000000000000, 0.71836695036962, 0.00000000000000, 0.00000000000000, 0.69566437641772]
waypoint2: [1.68053543567657, 16.24396324157715, 0.00000000000000, 0.00671579955038, 0.00000000000000, 0.00000000000000, -0.99997744876392]
waypoint3: [-0.27300077676773, -15.26641178131104, 0.00000000000000, 0.70505440820038, 0.00000000000000, 0.00000000000000, -0.70915321438826]
waypoint4: [-5.91714143753052, -16.90798377990723, 0.00000000000000, 0.02434533288818, 0.00000000000000, 0.00000000000000, -0.99970360845931]
waypoint5: [-6.73037290573120, -1.67368435859680, 0.00000000000000, 0.70915322559387, 0.00000000000000, 0.00000000000000, 0.70505439692963]
waypoint6: [-0.47486698627472, -0.10005164146423, 0.00000000000000, 0.99991908649012, 0.00000000000000, 0.00000000000000, 0.01272086761037]
waypoint7: [0.24420076608658, -14.91523265838623, 0.00000000000000, 0.69423237401467, 0.00000000000000, 0.00000000000000, -0.71975093669266]
waypoint8: [5.93071269989014, -17.07325553894043, 0.00000000000000, 0.99999580005277, 0.00000000000000, 0.00000000000000, -0.00289825409956]
waypoint9: [7.05283355712891, -1.23841571807861, 0.00000000000000, 0.70915318356936, 0.00000000000000, 0.00000000000000, 0.70505443919845]
