waypoint0: [7.15707445144653, 0.08109307289124, 0.00000000000000, 0.72007925469240, 0.00000000000000, 0.00000000000000, 0.69389182655630]
waypoint1: [7.17536020278931, 14.34463882446289, 0.00000000000000, 0.70456041060570, 0.00000000000000, 0.00000000000000, 0.70964401484627]
waypoint2: [2.80760955810547, 16.26963043212891, 0.00000000000000, 0.03548004077489, 0.00000000000000, 0.00000000000000, -0.99937038514587]
waypoint3: [-0.04370343685150, -14.59158611297607, 0.00000000000000, 0.68876780226882, 0.00000000000000, 0.00000000000000, -0.72498200981664]
waypoint4: [-5.72246742248535, -16.65153121948242, 0.00000000000000, 0.00773870770348, 0.00000000000000, 0.00000000000000, -0.99997005575321]
waypoint5: [-6.83648204803467, -3.31515908241272, 0.00000000000000, 0.72208154459975, 0.00000000000000, 0.00000000000000, 0.69180795235993]
waypoint6: [-2.43961763381958, -0.21745419502258, 0.00000000000000, 0.99964943567917, 0.00000000000000, 0.00000000000000, 0.02647651310713]
waypoint7: [0.86247110366821, -13.79189205169678, 0.00000000000000, 0.67657976057529, 0.00000000000000, 0.00000000000000, -0.73636935540521]
waypoint8: [5.90075445175171, -16.68670845031738, 0.00000000000000, 0.88093468463945, 0.00000000000000, 0.00000000000000, 0.47323786978558]
waypoint9: [7.02642154693604, -0.24012875556946, 0.00000000000000, 0.70915309952031, 0.00000000000000, 0.00000000000000, 0.70505452373610]
