waypoint0: [7.03015375137329, 0.40380764007568, 0.00000000000000, 0.72257407804334, 0.00000000000000, 0.00000000000000, 0.69129349898564]
waypoint1: [6.96136760711670, 16.30994606018066, 0.00000000000000, 0.01008512963587, 0.00000000000000, 0.00000000000000, -0.99994914378694]
waypoint2: [1.45478487014771, 16.18087768554688, 0.00000000000000, 0.70505445046921, 0.00000000000000, 0.00000000000000, -0.70915317236375]
waypoint3: [-0.18704843521118, -17.10219001770020, 0.00000000000000, 0.00289840689659, 0.00000000000000, 0.00000000000000, 0.99999579960991]
waypoint4: [-7.13912534713745, -16.64331817626953, 0.00000000000000, 0.71530998576571, 0.00000000000000, 0.00000000000000, 0.69880728692813]
waypoint5: [-6.92635345458984, -2.15551543235779, 0.00000000000000, 0.70915326761839, 0.00000000000000, 0.00000000000000, 0.70505435466080]
waypoint6: [-0.76837110519409, -0.74230861663818, 0.00000000000000, 0.70505440820038, 0.00000000000000, 0.00000000000000, -0.70915321438826]
waypoint7: [0.62216329574585, -16.36632919311523, 0.00000000000000, 0.99994959240385, 0.00000000000000, 0.00000000000000, -0.01004055035202]
waypoint8: [6.51137351989746, -16.88343620300293, 0.00000000000000, 0.73491479801436, 0.00000000000000, 0.00000000000000, 0.67815945002596]
waypoint9: [7.02586126327515, -0.33671832084656, 0.00000000000000, 0.70915322559387, 0.00000000000000, 0.00000000000000, 0.70505439692963]
