waypoint0: [6.96482801437378, 0.24319601058960, 0.00000000000000, 0.72140767053408, 0.00000000000000, 0.00000000000000, 0.69251063016721]
waypoint1: [7.11768484115601, 15.50409412384033, 0.00000000000000, 0.71603077023045, 0.00000000000000, 0.00000000000000, 0.69806871873992]
waypoint2: [1.13356375694275, 16.31153106689453, 0.00000000000000, 0.03274959339348, 0.00000000000000, 0.00000000000000, -0.99946358819747]
waypoint3: [0.79200536012650, 1.82447516918182, 0.00000000000000, 0.70505440820038, 0.00000000000000, 0.00000000000000, -0.70915321438826]
waypoint4: [6.76922082901001, -0.17424201965332, 0.00000000000000, 0.70505440820038, 0.00000000000000, 0.00000000000000, -0.70915321438826]
waypoint5: [6.87300443649292, -15.59761524200439, 0.00000000000000, 0.67993391976695, 0.00000000000000, 0.00000000000000, -0.73327339018292]
waypoint6: [-6.11032199859619, -16.90686416625977, 0.00000000000000, 0.01004054761896, 0.00000000000000, 0.00000000000000, 0.99994959243129]
waypoint7: [-6.95631074905396, -1.76896929740906, 0.00000000000000, 0.71463930688519, 0.00000000000000, 0.00000000000000, 0.69949314582393]
waypoint8: [5.99239158630371, -0.87809085845947, 0.00000000000000, 0.99989724483375, 0.00000000000000, 0.00000000000000, 0.01433526329984]
