waypoint0: [7.09249496459961, 0.04926848411560, 0.00000000000000, 0.70177178535791, 0.00000000000000, 0.00000000000000, 0.71240182571045]
waypoint1: [6.91797161102295, 14.37832832336426, 0.00000000000000, 0.72572553291020, 0.00000000000000, 0.00000000000000, 0.68798433912568]
waypoint2: [3.29130840301514, 16.39561843872070, 0.00000000000000, 0.05924492378923, 0.00000000000000, 0.00000000000000, -0.99824347681576]
waypoint3: [0.93740248680115, 4.68924140930176, 0.00000000000000, 0.72134278015903, 0.00000000000000, 0.00000000000000, -0.69257822194496]
waypoint4: [5.21854972839355, -1.06679272651672, 0.00000000000000, 0.90808085467328, 0.00000000000000, 0.00000000000000, -0.41879489177382]
waypoint5: [7.10547399520874, -14.37544536590576, 0.00000000000000, 0.67115176172818, 0.00000000000000, 0.00000000000000, -0.74131997998783]
waypoint6: [-5.56148338317871, -16.65246391296387, 0.00000000000000, 0.38535953133614, 0.00000000000000, 0.00000000000000, 0.92276650979995]
waypoint7: [-6.90666103363037, -4.31288623809814, 0.00000000000000, 0.71510215151549, 0.00000000000000, 0.00000000000000, 0.69901996602237]
waypoint8: [6.54421710968018, -0.10854196548462, 0.00000000000000, 0.99959926562883, 0.00000000000000, 0.00000000000000, 0.02830738692112]
