waypoint0: [7.15744733810425, 0.14548659324646, 0.00000000000000, 0.70915318356936, 0.00000000000000, 0.00000000000000, 0.70505443919845]
waypoint1: [7.08511590957642, 15.43988895416260, 0.00000000000000, 0.70234200097818, 0.00000000000000, 0.00000000000000, 0.71183966850828]
waypoint2: [-5.78911542892456, 16.28726196289062, 0.00000000000000, 0.01180259401055, 0.00000000000000, 0.00000000000000, -0.99993034696154]
waypoint3: [-6.93242168426514, 2.35221862792969, 0.00000000000000, 0.71408598366067, 0.00000000000000, 0.00000000000000, -0.70005800326786]
waypoint4: [-0.60365450382233, -0.09930515289307, 0.00000000000000, 0.99999580005344, 0.00000000000000, 0.00000000000000, -0.00289825386673]
waypoint5: [0.41870296001434, 15.18874740600586, 0.00000000000000, 0.70294190878993, 0.00000000000000, 0.00000000000000, 0.71124726563043]
waypoint6: [6.25322532653809, 16.34624862670898, 0.00000000000000, 0.99976945487898, 0.00000000000000, 0.00000000000000, 0.02147177428605]
waypoint7: [7.20140314102173, 2.17369699478149, 0.00000000000000, 0.69656374778904, 0.00000000000000, 0.00000000000000, -0.71749490957503]
