waypoint0: [7.33322381973267, -0.08091664314270, 0.00000000000000, 0.70915309952031, 0.00000000000000, 0.00000000000000, 0.70505452373610]
waypoint1: [7.04129934310913, 16.21288871765137, 0.00000000000000, 0.02166967438333, 0.00000000000000, 0.00000000000000, -0.99976518503703]
waypoint2: [-6.80536746978760, 15.93897914886475, 0.00000000000000, 0.70505440820038, 0.00000000000000, 0.00000000000000, -0.70915321438826]
waypoint3: [-6.85435628890991, 1.93319427967072, 0.00000000000000, 0.99999579994210, 0.00000000000000, 0.00000000000000, -0.00289829228363]
waypoint4: [6.59363269805908, 0.08435916900635, 0.00000000000000, 0.71408544121324, 0.00000000000000, 0.00000000000000, -0.70005855658459]
waypoint5: [6.40129852294922, -16.43202590942383, 0.00000000000000, 0.01955713908407, 0.00000000000000, 0.00000000000000, 0.99980874086539]
waypoint6: [-0.90830338001251, -16.55064392089844, 0.00000000000000, 0.71500348205938, 0.00000000000000, 0.00000000000000, 0.69912089129346]
waypoint7: [0.30387562513351, -1.84325051307678, 0.00000000000000, 0.99999579983750, 0.00000000000000, 0.00000000000000, -0.00289832837223]
waypoint8: [6.81882286071777, 0.05085492134094, 0.00000000000000, 0.70915322559387, 0.00000000000000, 0.00000000000000, 0.70505439692963]
