waypoint0: [7.41520977020264, 0.17618942260742, 0.00000000000000, 0.70915318356936, 0.00000000000000, 0.00000000000000, 0.70505443919845]
waypoint1: [7.09127473831177, 16.50237846374512, 0.00000000000000, 0.01158970078319, 0.00000000000000, 0.00000000000000, -0.99993283716245]
waypoint2: [0.07125699520111, 16.34988594055176, 0.00000000000000, 0.69763050202460, 0.00000000000000, 0.00000000000000, -0.71645773262971]
waypoint3: [0.20369163155556, 0.31458663940430, 0.00000000000000, 0.99984690289524, 0.00000000000000, 0.00000000000000, 0.01749773616207]
waypoint4: [7.02847433090210, 0.11403536796570, 0.00000000000000, 0.71439485866455, 0.00000000000000, 0.00000000000000, 0.69974279982981]
waypoint5: [7.05963802337646, 16.59915733337402, 0.00000000000000, 0.02983742714790, 0.00000000000000, 0.00000000000000, -0.99955476485343]
waypoint6: [-7.04590940475464, 16.10136032104492, 0.00000000000000, 0.70505432366273, 0.00000000000000, 0.00000000000000, -0.70915329843729]
waypoint7: [-6.94407892227173, -16.32247161865234, 0.00000000000000, 0.99998445781788, 0.00000000000000, 0.00000000000000, 0.00557531368514]
waypoint8: [7.02726888656616, -16.75763511657715, 0.00000000000000, 0.72367862393669, 0.00000000000000, 0.00000000000000, 0.69013712351757]
waypoint9: [7.02754116058350, -0.04694771766663, 0.00000000000000, 0.70915318356936, 0.00000000000000, 0.00000000000000, 0.70505443919845]
